id	endereco_id
1	70
2	71
3	72
4	73
5	74
6	75
7	76
8	77
9	78
10	79
11	80
12	81
13	82
14	83
15	84
16	85
17	86
18	87
19	88
20	89
21	90
22	91
23	92
24	93
25	94
26	95
27	96
28	97
29	98
30	99
31	100
32	101
33	102
34	103
35	104
36	105
37	106
38	107
39	108
40	109
41	110
42	111
43	112
44	113
45	114
46	115
47	116
48	117
49	118
50	119
51	120
52	121
53	122
54	123
55	124
56	125
57	126
58	127
59	128
60	129
61	130
62	131
63	132
64	133
65	134
66	135
67	136
68	137
69	138
70	139
71	140
72	141
73	142
74	143
75	144
76	145
77	146
78	147
79	148
80	149
81	150
82	151
83	152
84	153
85	154
86	155
87	156
88	157
89	158
90	159
91	160
92	161
93	162
94	163
95	164
96	165
97	166
98	167
99	168
100	169
101	170
102	171
103	172
104	173
105	174
106	175
107	176
108	177
109	178
110	179
111	180
112	181
113	182
114	183
115	184
116	185
117	186
118	187
119	188
120	189
121	190
122	191
123	192
124	193
125	194
126	195
127	196
128	197
129	198
130	199
131	200
132	201
133	202
134	203
135	204
136	205
137	206
138	207
139	208
140	209
141	210
142	211
143	212
144	213
145	214
146	215
147	216
148	217
149	218
150	219
151	220
152	221
153	222
154	223
155	224
156	225
157	226
158	227
159	228
160	229
161	230
162	231
163	232
164	233
165	234
166	235
167	236
168	237
169	238
170	239
171	240
172	241
173	242
174	243
175	244
176	245
177	246
178	247
179	248
180	249
181	250
182	251
183	252
184	253
185	254
186	255
187	256
188	257
189	258
190	259
191	260
192	261
193	262
194	263
195	264
196	265
197	266
198	267
199	268
200	269
201	270
202	271
262	272
204	273
205	274
206	275
207	276
208	277
209	278
210	279
211	280
212	281
213	282
214	283
215	284
216	285
217	286
218	287
219	288
220	289
221	290
222	291
223	292
224	293
225	294
226	295
227	296
228	297
229	298
230	299
231	300
232	301
233	302
234	303
235	304
236	305
237	306
238	307
239	308
240	309
241	310
242	311
243	312
244	313
245	314
246	315
247	316
248	317
249	318
250	319
251	320
252	321
253	322
254	324
255	325
256	326
257	327
258	328
259	329
260	330
261	331
203	332
264	334
266	335
269	337
276	340
277	342
278	349
279	350
280	353
282	355
284	356
286	357
287	362
289	363
290	365
288	367
291	369
292	371
293	372
294	373
295	374
296	375
297	376
298	377
299	378
300	379
302	380
303	381
305	385
304	387
306	388
308	389
309	390
310	392
311	393
312	394
313	395
314	396
315	397
317	398
318	399
319	406
320	407
321	408
322	409
323	410
324	412
325	413
326	414
327	415
329	416
328	417
330	418
331	419
332	420
333	421
334	422
337	424
339	426
343	427
341	429
